1 (7, 6) 
2 (9, 8) 
3 (12, 12) 
4 (12, 10) 
5 
6 (6, 6) (6, 7) (9, 9) 
7 
8 
9 
10 
11 (5, 4) 
12 
13 
14 (2, 1) (6, 6) 
15 
16 (5, 3) 
17 (7, 6) 
18 
19 
20 (7, 6) 
21 
22 
23 (4, 2) 
24 (8, 8) 
25 (9, 8) 
26 (5, 3) 
27 (14, 12) (14, 13) 
28 (7, 7) 
29 
30 (8, 7) 
31 (1, 2) 
32 (4, 3) 
33 (5, 5) 
34 (2, 1) 
35 (8, 8) 
36 (6, 5) 
37 
38 
39 (4, 3) 
40 
41 
42 (5, 4) (13, 4) (13, 12) 
43 
44 (5, 4) 
45 
46 (12, 11) 
47 (4, 3) 
48 (6, 5) 
49 (5, 5) 
50 (5, 4) 
51 
52 (3, 3) 
53 (8, 8) 
54 (8, 7) 
55 
56 
57 (12, 10) 
58 (11, 10) 
59 (2, 1) 
60 (3, 2) 
61 (6, 4) (6, 5) (6, 6) 
62 (4, 3) 
63 (4, 4) 
64 (6, 5) 
65 (3, 2) 
66 (7, 6) 
67 (8, 7) 
68 (2, 1) 
69 (4, 4) 
70 
71 (2, 2) 
72 (7, 6) 
73 
74 (3, 2) 
75 
76 (6, 5) 
77 (3, 3) 
78 (5, 4) 
79 
80 (4, 4) 
81 (2, 1) 
82 (8, 7) 
83 
84 (3, 2) 
85 (2, 1) 
86 
87 
88 (2, 1) 
89 (10, 9) 
90 (3, 3) 
91 (4, 3) 
92 (5, 5) 
93 (11, 10) 
94 (5, 4) 
95 (3, 2) 
96 (5, 4) 
97 (4, 3) 
98 (4, 3) 
99 (6, 5) 
100 
101 (5, 3) (5, 4) 
102 (4, 1) (4, 2) 
103 (7, 8) 
104 
105 (2, 1) 
106 (3, 2) 
107 (3, 1) 
108 (2, 2) 
109 
110 
111 (3, 2) 
112 (6, 5) 
113 (10, 9) 
114 
115 (4, 3) 
116 (3, 3) 
117 (3, 2) 
118 (6, 5) 
119 (5, 4) 
120 (7, 6) (7, 7) 
121 (4, 3) 
122 (15, 13) (15, 14) 
123 (16, 15) 
124 (14, 14) 
125 (14, 13) 
126 (10, 9) 
127 
128 
129 (4, 3) 
130 (16, 15) 
131 (7, 7) 
132 (6, 6) 
133 (2, 1) 
134 
135 (15, 15) 
136 (3, 3) 
137 (13, 13) 
138 
139 (18, 17) 
140 (4, 4) 
141 (7, 6) 
142 (21, 20) 
143 (3, 3) (6, 6) 
144 
145 (3, 2) 
146 (2, 2) 
147 (12, 12) 
148 (7, 6) 
149 (12, 13) (13, 13) 
150 (16, 15) 
151 
152 (13, 13) 
153 
154 
155 (7, 7) 
156 (5, 4) 
157 (15, 14) 
158 (16, 15) 
159 (17, 16) 
160 (7, 5) 
161 (17, 16) 
162 (7, 6) 
163 
164 (5, 4) 
165 (5, 4) (8, 7) 
166 
167 (14, 13) 
168 
169 
170 
171 (2, 2) (3, 2) 
172 (8, 8) 
173 (6, 5) 
174 (2, 2) 
175 (4, 3) 
176 (10, 10) 
177 (2, 1) 
178 (6, 6) (7, 6) 
179 (7, 6) 
180 (6, 5) (8, 8) 
181 
182 (20, 20) 
183 
184 
185 (18, 17) 
186 (3, 2) 
187 (4, 3) (5, 3) 
188 (9, 8) 
189 (15, 14) (15, 16) 
190 
191 (3, 2) 
192 
193 (8, 7) 
194 (20, 19) 
195 (6, 6) 
196 (11, 11) 
197 
198 (15, 15) 
199 
200 
201 (5, 4) (5, 5) 
202 (13, 13) 
203 (32, 31) 
204 (11, 10) 
205 
206 (5, 4) 
207 (14, 14) 
208 
209 (17, 18) 
210 
211 (9, 9) (17, 16) 
212 (10, 9) 
213 
214 (8, 7) 
215 
216 
217 (11, 10) 
218 (11, 10) 
219 (14, 14) 
220 (5, 4) 
221 (7, 6) (18, 6) (18, 17) 
222 
223 (9, 9) 
224 (4, 3) 
225 (6, 5) 
226 (7, 6) 
227 
228 (12, 11) 
229 
230 (5, 4) (8, 4) 
231 (4, 3) 
232 (4, 3) (4, 5) 
233 (6, 5) 
234 (15, 14) 
235 (2, 1) 
236 
237 (8, 9) 
238 
239 (2, 2) 
240 (7, 7) 
241 (8, 7) 
242 (3, 2) 
243 (7, 6) 
244 
245 (1, 1) 
246 (18, 17) 
247 (12, 11) 
248 (25, 24) 
249 (10, 9) 
250 (9, 9) (10, 9) 
251 (5, 4) 
252 
253 (9, 8) 
254 (12, 11) 
255 (11, 10) 
256 (16, 15) 
257 (3, 2) 
258 (8, 8) 
259 (8, 7) 
260 (11, 9) 
261 (4, 4) 
262 
263 
264 
265 (6, 6) 
266 
267 
268 (2, 1) 
269 
270 (2, 1) (9, 8) 
271 
272 (2, 1) 
273 (5, 4) 
274 
275 (5, 4) 
276 
277 (4, 4) 
278 (4, 3) 
279 
280 (12, 12) 
281 
282 
283 (8, 8) 
284 (9, 10) 
285 (2, 2) 
286 (8, 7) 
287 (8, 8) 
288 (8, 7) 
289 (14, 13) 
290 (7, 5) 
291 (10, 10) 
292 (5, 4) 
293 (9, 8) 
294 
295 (8, 7) 
296 (11, 10) 
297 (5, 4) 
298 (4, 3) 
299 (3, 2) 
300 (4, 3) 
301 (14, 13) (15, 13) 
302 (8, 7) 
303 (4, 3) 
304 (12, 11) 
305 (9, 9) 
306 
307 (14, 13) 
308 (6, 5) 
309 (9, 9) 
310 (8, 7) 
311 
312 
313 
314 (9, 8) 
315 
316 (3, 2) (3, 3) 
317 (4, 4) 
318 (4, 4) 
319 (6, 6) 
320 (12, 11) 
321 (10, 9) 
322 (12, 10) 
323 (9, 8) 
324 (7, 7) 
325 (1, 1) 
326 (7, 7) 
327 
328 
329 
330 (6, 5) 
331 (5, 4) 
332 (2, 1) (7, 7) 
333 (11, 10) 
334 (6, 5) 
335 (6, 5) 
336 (10, 10) 
337 (7, 6) 
338 
339 (11, 10) 
340 (10, 9) (13, 12) 
341 (5, 5) 
342 (7, 8) 
343 
344 
345 (3, 2) 
346 (11, 10) 
347 
348 (7, 7) 
349 (9, 8) 
350 (16, 16) 
351 (6, 5) 
352 (11, 11) 
353 (11, 10) 
354 
355 (1, 1) 
356 (3, 3) 
357 (7, 6) 
358 (9, 8) 
359 (8, 7) 
360 (8, 8) 
361 
362 (8, 8) 
363 (13, 12) 
364 
365 
366 (7, 5) 
367 (2, 2) 
368 (8, 7) 
369 (5, 4) 
370 (2, 3) (4, 3) 
371 
372 (9, 8) 
373 (13, 13) 
374 (4, 3) 
375 (3, 2) 
376 (8, 7) 
377 
378 
379 (4, 4) 
380 (5, 4) 
381 (6, 6) 
382 (11, 10) 
383 (4, 3) 
384 
385 (10, 9) 
386 (10, 9) 
387 (11, 10) 
388 
389 (9, 8) 
390 
391 (5, 4) 
392 
393 (4, 3) 
394 
395 (5, 4) 
396 (15, 14) 
397 (5, 4) 
398 (2, 1) (5, 4) 
399 
400 
401 
402 (5, 5) 
403 (6, 6) 
404 (9, 8) 
405 (5, 5) 
406 (12, 11) 
407 (4, 4) 
408 (13, 12) 
409 (9, 8) 
410 (7, 7) 
411 (16, 15) 
412 (7, 7) 
413 (4, 3) 
414 (4, 3) 
415 (3, 2) 
416 
417 (8, 8) 
418 (8, 8) 
419 (11, 9) (11, 10) 
420 (5, 4) 
421 (11, 10) 
422 (3, 2) 
423 (5, 4) 
424 (8, 7) 
425 (12, 12) 
426 (12, 11) 
427 (13, 12) 
428 (4, 3) 
429 (14, 12) (14, 13) 
430 (2, 1) 
431 (9, 8) 
432 (9, 8) 
433 (3, 2) 
434 (2, 1) 
435 (5, 3) (5, 4) 
436 (7, 6) 
437 (9, 8) 
438 (7, 6) 
439 (5, 3) 
440 
441 (12, 11) 
442 (2, 1) 
443 (8, 8) 
444 (9, 8) 
445 (5, 4) 
446 (11, 10) 
447 (8, 8) 
448 (3, 2) 
449 (6, 5) 
450 (10, 9) 
451 
452 
453 
454 (7, 6) 
455 (3, 2) 
456 
457 (9, 9) 
458 (6, 5) 
459 (7, 6) 
460 (13, 13) 
461 (4, 3) 
462 
463 (13, 12) 
464 (8, 7) 
465 (3, 2) (10, 10) 
466 
467 (3, 3) 
468 (13, 12) 
469 (6, 6) 
470 (8, 6) 
471 (5, 4) 
472 
473 (5, 5) 
474 (5, 4) 
475 
476 (6, 4) 
477 
478 (7, 6) 
479 
480 (8, 8) 
481 (6, 5) 
482 (8, 7) 
483 (9, 8) (9, 9) 
484 (5, 4) 
485 (7, 6) 
486 (13, 12) 
487 
488 (5, 5) 
489 (8, 7) 
490 (5, 5) 
491 (13, 12) 
492 (13, 12) 
493 (13, 12) 
494 (5, 4) 
495 (11, 11) 
496 (12, 11) 
497 
498 (7, 6) 
499 (6, 6) 
500 (3, 2) 
501 (6, 5) 
502 
503 (18, 17) 
504 (1, 1) 
505 (3, 3) 
506 (7, 6) 
507 (5, 5) 
508 
509 
510 
511 
512 (6, 4) (6, 5) 
513 (8, 7) 
514 (8, 7) 
515 (7, 7) 
516 (14, 13) 
517 (11, 11) 
518 (7, 7) 
519 (12, 11) 
520 
521 (7, 7) 
522 (12, 11) 
523 (6, 5) 
524 (10, 9) 
525 (6, 5) 
526 (8, 8) 
527 
528 (6, 6) (8, 6) 
529 
530 
531 (7, 6) 
532 (8, 7) 
533 (2, 1) 
534 
535 (10, 9) 
536 (5, 4) 
537 
538 (11, 10) (11, 12) 
539 (12, 12) 
540 (7, 7) (8, 7) 
541 (3, 2) (3, 3) 
542 (7, 7) (12, 12) 
543 
544 (14, 13) 
545 (15, 14) 
546 (5, 5) 
547 (8, 7) 
548 (9, 8) 
549 (6, 5) 
550 
551 (2, 2) (6, 5) 
552 
553 (3, 2) (6, 6) 
554 
555 (7, 7) 
556 (8, 7) 
557 (5, 4) 
558 
559 (7, 6) 
560 (11, 10) 
561 
562 (3, 3) 
563 (3, 3) 
564 (4, 3) 
565 (10, 10) 
566 (8, 8) 
567 (4, 3) 
568 
569 
570 (12, 11) 
571 (4, 3) 
572 (4, 4) 
573 (10, 10) 
574 (8, 7) 
575 (4, 3) 
576 (11, 10) 
577 (10, 10) 
578 (14, 13) 
579 (5, 4) 
580 (8, 8) 
581 (10, 9) 
582 (4, 3) 
583 
584 (11, 10) 
585 
586 
587 (8, 7) 
588 (6, 6) 
589 (2, 2) 
590 (7, 6) 
591 (9, 9) 
592 
593 
594 (7, 7) 
595 (9, 8) 
596 (3, 3) 
597 (4, 4) (7, 7) 
598 
599 (8, 7) 
600 (1, 1) 
601 (3, 2) 
602 
603 (7, 6) 
604 
605 (7, 7) 
606 (6, 6) 
607 (6, 4) (6, 5) 
608 (8, 7) 
609 (9, 8) 
610 
611 (7, 6) 
612 (3, 3) 
613 (11, 10) 
614 (15, 14) 
615 (6, 5) 
616 (4, 2) (4, 5) 
617 (11, 10) 
618 
619 (11, 12) 
620 (4, 4) (8, 8) 
621 
622 (9, 8) 
623 (11, 9) (11, 10) 
624 (5, 4) 
625 (10, 9) 
626 (2, 1) 
627 
628 (8, 7) 
629 (21, 20) 
630 (7, 6) 
631 (9, 8) (9, 10) 
632 (6, 5) 
633 (7, 7) 
634 (8, 7) 
635 (2, 1) (2, 2) 
636 (8, 7) 
637 (6, 6) 
638 (13, 11) (13, 12) 
639 (7, 5) (7, 6) 
640 
641 (14, 13) 
642 (8, 7) 
643 (11, 9) (11, 10) 
644 (8, 7) 
645 (3, 3) 
646 (4, 4) 
647 (17, 17) 
648 (12, 11) 
649 (11, 10) 
650 (2, 2) 
651 (4, 3) 
652 (5, 4) 
653 (7, 6) 
654 (6, 5) 
655 (8, 8) 
656 (9, 8) 
657 (7, 6) 
658 (8, 7) 
659 (15, 14) 
660 (11, 10) 
661 
662 
663 (14, 14) 
664 
665 (8, 7) 
666 (9, 8) 
667 (2, 1) 
668 (8, 7) 
669 (2, 2) 
670 
671 (12, 12) 
672 (9, 10) (11, 10) 
673 
674 (2, 3) (6, 5) 
675 (11, 10) 
676 (3, 2) 
677 (8, 7) 
678 (5, 5) 
679 (8, 8) 
680 
681 (5, 4) 
682 (2, 1) 
683 (7, 6) 
684 (6, 7) (10, 9) 
685 (5, 5) (5, 6) (6, 5) 
686 
687 (4, 3) (9, 9) 
688 (6, 6) 
689 (6, 6) 
690 
691 (15, 14) 
692 (13, 12) 
693 (7, 6) 
694 (10, 9) (15, 14) 
695 (9, 9) 
696 (8, 8) 
697 (8, 7) 
698 (10, 9) 
699 (3, 1) (3, 4) (4, 4) 
700 
701 (12, 11) 
702 (5, 4) (14, 14) 
703 (3, 2) 
704 (12, 11) 
705 
706 (3, 2) 
707 (10, 9) 
708 (19, 19) 
709 (14, 13) 
710 
711 (9, 8) 
712 (5, 4) 
713 (3, 1) (3, 2) 
714 (6, 5) 
715 (4, 5) 
716 (2, 2) 
717 (19, 19) 
718 (5, 4) 
719 
720 (11, 10) 
721 (7, 6) 
722 (4, 3) 
723 (11, 11) 
724 (8, 8) 
725 
726 (15, 14) 
727 
728 (6, 6) 
729 (19, 19) 
730 (7, 7) 
731 (5, 4) 
732 (2, 1) 
733 
734 (18, 18) 
735 
736 (9, 9) 
737 (11, 10) 
738 (17, 16) 
739 (9, 8) 
740 (13, 11) 
741 
742 
743 
744 (12, 11) 
745 (10, 10) 
746 (8, 8) (10, 8) 
747 (17, 16) (17, 17) 
748 (12, 11) 
749 (15, 14) 
750 (19, 18) 
751 (8, 7) 
752 (11, 11) 
753 (6, 5) (11, 10) 
754 
755 (10, 9) 
756 (10, 9) 
757 
758 (7, 6) (13, 12) 
759 (5, 4) 
760 (6, 5) 
761 (8, 7) 
762 (9, 8) 
763 
764 (12, 11) 
765 (7, 6) 
766 (5, 4) (5, 6) 
767 
768 (10, 10) 
769 (12, 11) 
770 
771 (7, 6) 
772 
773 (9, 9) 
774 
775 (7, 6) 
776 (8, 7) (8, 8) 
777 (13, 12) 
778 
779 (6, 5) 
780 (10, 10) 
781 (3, 2) 
782 (6, 7) 
783 (12, 12) 
784 
785 (4, 3) 
786 (20, 19) 
787 (10, 9) 
788 (10, 10) 
789 (12, 12) 
790 (7, 7) 
791 (11, 12) (13, 12) 
792 (10, 9) 
793 (11, 10) (11, 11) 
794 (8, 8) 
795 (14, 14) 
796 (5, 4) 
797 (13, 12) (15, 12) (15, 15) 
798 
799 (12, 11) 
800 (3, 2) 
801 (8, 8) 
802 (9, 9) 
803 (5, 4) (5, 6) 
804 (2, 1) 
805 (5, 4) (5, 5) 
806 
807 (14, 14) 
808 
809 
810 
811 (4, 3) 
812 (3, 2) 
813 (16, 15) 
814 (2, 2) 
815 (3, 2) 
816 
817 
818 (6, 6) 
819 (13, 12) 
820 
821 (10, 9) 
822 (3, 3) 
823 
824 (5, 5) 
825 (5, 4) 
826 (5, 4) 
827 (8, 8) 
828 
829 (5, 4) 
830 (20, 19) 
831 
832 
833 (8, 7) 
834 (7, 6) 
835 (8, 7) 
836 
837 (12, 11) 
838 
839 (7, 6) 
840 
841 (11, 10) 
842 (6, 5) 
843 (11, 10) 
844 (6, 5) 
845 (1, 1) (5, 4) 
846 
847 (7, 7) 
848 (16, 15) (16, 16) 
849 (3, 2) 
850 (11, 11) 
851 (14, 13) 
852 (6, 5) 
853 (22, 20) 
854 
855 (13, 12) (13, 14) 
856 (16, 14) (16, 15) 
857 (11, 10) 
858 
859 (14, 13) 
860 (6, 6) 
861 (7, 7) (7, 8) (9, 7) (9, 8) 
862 (7, 7) (8, 7) 
863 (14, 13) 
864 (14, 13) 
865 (18, 17) 
866 (9, 8) 
867 
868 (17, 16) 
869 
870 (6, 5) 
871 (6, 5) 
872 (9, 8) 
873 (7, 6) 
874 (8, 7) 
875 
876 (4, 3) 
877 (16, 15) 
878 (16, 15) 
879 (10, 10) 
880 (14, 14) 
881 
882 
883 (7, 6) 
884 (10, 9) (18, 17) 
885 
886 (8, 7) 
887 (16, 16) 
888 (10, 9) 
889 (13, 11) 
890 (5, 4) 
891 (12, 11) 
892 (22, 21) 
893 (3, 2) 
894 (12, 11) 
895 (3, 1) 
896 (8, 7) (15, 15) 
897 
898 (4, 2) 
899 (8, 7) (8, 8) 
900 (11, 11) 
901 (10, 9) 
902 (4, 3) 
903 (8, 8) (10, 8) (10, 9) 
904 
905 (14, 13) 
906 
907 (18, 17) 
908 (4, 3) (4, 4) (8, 7) 
909 
910 (7, 6) 
911 (11, 10) 
912 (10, 10) 
913 
914 (7, 8) 
915 (5, 4) 
916 (14, 14) 
917 
918 (8, 7) 
919 (10, 9) 
920 (6, 5) 
921 
922 (7, 8) 
923 (13, 12) 
924 (6, 5) 
925 (3, 2) 
926 
927 (23, 21) (23, 22) 
928 (10, 9) 
929 (4, 3) 
930 (9, 8) 
931 (11, 9) (11, 10) 
932 (16, 15) 
933 (18, 17) 
934 (15, 14) 
935 (10, 10) (11, 10) (11, 12) 
936 
937 
938 (8, 7) 
939 (7, 6) 
940 
941 
942 (12, 11) 
943 (9, 8) 
944 (11, 11) 
945 (5, 4) 
946 
947 (5, 4) 
948 
949 (16, 15) 
950 (5, 4) 
951 (10, 9) 
952 
953 (16, 15) 
954 
955 (4, 3) 
956 (7, 6) 
957 (11, 10) 
958 (9, 8) 
959 (4, 3) 
960 
961 (12, 12) 
962 (12, 12) 
963 (9, 8) 
964 (16, 15) 
965 (4, 4) 
966 (17, 15) 
967 (12, 12) 
968 (7, 6) 
969 (3, 4) 
970 (7, 7) 
971 (8, 8) 
972 (17, 16) 
973 
974 (3, 2) 
975 (8, 7) 
976 (5, 4) 
977 (3, 3) 
978 (12, 12) 
979 
980 (11, 10) 
981 (5, 4) 
982 (6, 5) 
983 (5, 4) 
984 (6, 6) 
985 
986 (6, 5) (13, 12) 
987 
988 
989 
990 
991 (16, 17) 
992 
993 (10, 9) 
994 
995 (12, 11) 
996 (11, 9) 
997 (10, 10) 
998 (2, 1) 
999 
1000 (13, 13) 
1001 
1002 (3, 2) 
1003 (2, 1) 
1004 (11, 10) 
1005 (7, 6) 
1006 (9, 7) (9, 8) 
1007 (8, 8) 
1008 (12, 11) (25, 24) 
1009 
1010 
1011 (7, 7) (12, 12) 
1012 
1013 (9, 8) 
1014 (14, 14) 
1015 (2, 1) 
1016 
1017 (7, 7) 
1018 (2, 1) 
1019 (3, 2) 
1020 (11, 10) 
1021 (12, 12) 
1022 (8, 7) 
1023 (12, 11) 
1024 (5, 4) 
1025 (17, 16) 
1026 (7, 6) 
1027 (6, 5) 
1028 (8, 7) 
1029 (12, 11) 
1030 (10, 9) 
1031 (14, 13) 
1032 (15, 14) 
1033 (17, 16) 
1034 (9, 8) 
1035 (10, 9) (10, 11) 
1036 
1037 (14, 13) 
1038 
1039 (12, 11) 
1040 (9, 10) 
1041 (9, 8) 
1042 (5, 3) (5, 4) 
1043 (7, 6) 
1044 
1045 (5, 4) 
1046 (14, 14) 
1047 (9, 9) 
1048 (3, 2) 
1049 (10, 9) 
1050 (13, 13) 
1051 (7, 5) 
1052 (20, 19) 
1053 (12, 11) 
1054 (9, 7) 
1055 (21, 20) 
1056 (8, 7) 
1057 
1058 
1059 (6, 6) (6, 7) 
1060 (8, 9) 
1061 (5, 4) 
1062 (3, 3) 
1063 (24, 23) 
1064 
1065 (3, 3) 
1066 (9, 8) 
1067 (4, 3) 
1068 (3, 2) 
1069 (4, 3) 
1070 (10, 9) 
1071 (12, 10) 
1072 (10, 8) 
1073 (8, 7) 
1074 (2, 1) 
1075 (19, 18) 
1076 (11, 10) 
1077 (15, 15) 
1078 (5, 5) 
1079 (10, 9) 
1080 (4, 2) 
1081 (14, 13) 
1082 (8, 7) 
1083 (6, 6) 
1084 (11, 10) 
1085 (8, 7) 
1086 (4, 3) 
1087 (7, 6) 
1088 (4, 3) (4, 4) 
1089 (5, 4) 
1090 (6, 5) (6, 6) 
1091 (18, 17) 
1092 
1093 
1094 
1095 (10, 9) 
1096 (12, 10) (12, 11) 
1097 (3, 1) (3, 2) 
1098 
1099 (12, 11) 
1100 (13, 12) 
1101 (13, 12) 
1102 (5, 4) 
1103 (14, 13) 
1104 (1, 1) 
1105 (8, 8) 
1106 (13, 12) 
1107 (4, 4) 
1108 
1109 (9, 8) 
1110 (12, 12) 
1111 (13, 12) 
1112 (8, 7) 
1113 
1114 (10, 9) (10, 10) 
1115 
1116 (9, 8) 
1117 
1118 
1119 
1120 (11, 11) 
1121 (19, 18) 
1122 (7, 6) 
1123 (22, 20) 
1124 (5, 4) 
1125 (24, 23) 
1126 (5, 4) 
1127 (4, 3) 
1128 (15, 14) 
1129 
1130 (8, 7) 
1131 
1132 (9, 8) 
1133 (7, 6) 
1134 
1135 
1136 (6, 5) 
1137 (6, 5) 
1138 (8, 8) 
1139 (8, 7) (8, 9) 
1140 
1141 (8, 7) 
1142 (10, 11) (11, 11) 
1143 
1144 (7, 6) 
1145 (31, 31) 
1146 (17, 16) 
1147 (10, 9) 
1148 (6, 5) 
1149 (18, 16) 
1150 (16, 12) (16, 16) 
1151 (8, 7) 
1152 (12, 12) 
1153 (3, 2) 
1154 (11, 11) 
1155 
1156 (14, 13) 
1157 (5, 4) 
1158 (8, 8) 
1159 (11, 10) 
1160 
1161 (11, 10) 
1162 (8, 7) 
1163 (12, 11) 
1164 (4, 3) (4, 5) 
1165 
1166 (11, 10) 
1167 (7, 6) (7, 7) 
1168 (4, 4) 
1169 (10, 9) 
1170 (12, 11) 
1171 (5, 4) 
1172 
1173 (9, 8) 
1174 (15, 14) 
1175 
1176 (8, 6) 
1177 (11, 10) 
1178 (14, 13) 
1179 (3, 2) 
1180 (9, 7) 
1181 (12, 11) 
1182 (7, 6) 
1183 (14, 13) 
1184 (14, 13) 
1185 (10, 10) 
1186 (11, 10) (13, 13) 
1187 
1188 (15, 14) 
1189 
1190 (9, 8) 
1191 (3, 2) 
1192 (9, 9) 
1193 (9, 9) 
1194 
1195 (7, 7) (7, 8) (8, 7) (8, 8) 
1196 
1197 (3, 2) 
1198 
1199 (5, 4) 
1200 (6, 6) 
1201 (5, 5) 
1202 
1203 (10, 9) 
1204 (13, 13) 
1205 (6, 5) 
1206 
1207 
1208 (21, 21) 
1209 (9, 9) 
1210 (11, 10) 
1211 (5, 4) (5, 5) 
1212 (6, 6) 
1213 (4, 3) 
1214 (5, 4) 
1215 (12, 11) 
1216 (8, 7) 
1217 
1218 
1219 (5, 4) 
1220 (7, 6) (7, 7) 
1221 
1222 (11, 11) 
1223 (7, 6) 
1224 (17, 16) 
1225 
1226 (9, 9) 
1227 (11, 10) 
1228 (8, 7) 
1229 (8, 8) 
1230 
1231 (10, 9) (15, 14) 
1232 
1233 (2, 1) 
1234 (4, 3) 
1235 (3, 2) 
1236 
1237 (6, 5) 
1238 
1239 (20, 19) 
1240 
1241 (9, 8) (18, 17) 
1242 
1243 
1244 (9, 9) 
1245 (3, 3) 
1246 (8, 7) 
1247 (5, 5) 
1248 (1, 1) (6, 7) 
1249 
1250 (9, 9) 
1251 (8, 7) 
1252 (7, 7) 
1253 (7, 6) 
1254 (2, 1) 
1255 (1, 1) 
1256 (10, 9) 
1257 (6, 6) 
1258 (8, 7) 
1259 (13, 12) 
1260 (6, 5) 
1261 (20, 20) 
1262 
1263 (2, 1) 
1264 (5, 5) (5, 6) 
1265 (4, 3) 
1266 
1267 (9, 7) (9, 9) 
1268 
1269 (15, 14) 
1270 (12, 11) 
1271 (7, 8) 
1272 (3, 2) 
1273 (4, 5) (14, 14) 
1274 
1275 (17, 16) 
1276 
1277 
1278 (10, 9) 
1279 (9, 9) 
1280 (3, 3) 
1281 (6, 5) 
1282 (3, 2) 
1283 
1284 (8, 7) 
1285 (9, 8) 
1286 (7, 7) (7, 8) (9, 7) (9, 8) 
1287 (3, 2) (3, 3) 
1288 
1289 (5, 4) (5, 5) 
1290 (5, 5) 
1291 (6, 5) 
1292 (10, 9) 
1293 
1294 
1295 (10, 9) 
1296 (9, 8) 
1297 (6, 5) 
1298 (7, 6) 
1299 (4, 4) 
1300 (7, 7) 
1301 (5, 4) 
1302 (8, 8) 
1303 
1304 (8, 7) 
1305 (5, 4) 
1306 (10, 9) 
1307 
1308 (8, 8) 
1309 (8, 8) 
1310 (3, 1) (3, 3) 
1311 (10, 9) 
1312 (21, 20) 
1313 (3, 3) 
1314 (16, 15) 
1315 (5, 4) 
1316 
1317 (12, 11) 
1318 (15, 15) 
1319 
1320 (14, 13) 
1321 (8, 7) 
1322 (4, 3) 
1323 (5, 4) 
1324 (15, 15) 
1325 (7, 7) 
1326 (13, 12) (14, 12) 
1327 (16, 15) 
1328 (9, 8) 
1329 (6, 6) 
1330 (19, 19) 
1331 (12, 10) 
1332 (10, 9) 
1333 (15, 14) 
1334 (4, 3) (4, 5) (6, 5) 
1335 (3, 2) 
1336 (13, 13) 
1337 
1338 
1339 (7, 6) (7, 7) 
1340 (5, 4) (5, 6) (6, 4) (6, 6) 
1341 
1342 (8, 7) 
1343 (5, 4) 
1344 (6, 5) 
1345 (2, 1) 
1346 
1347 (15, 14) (15, 15) 
1348 (14, 13) 
1349 (7, 8) (9, 8) (9, 9) 
1350 
1351 (11, 10) 
1352 (11, 10) 
1353 (7, 6) 
1354 (3, 3) 
1355 (7, 6) 
1356 (7, 6) 
1357 (1, 1) 
1358 (3, 2) 
1359 (17, 17) 
1360 (8, 8) 
1361 (11, 10) 
1362 (2, 2) 
1363 (3, 3) 
1364 (8, 8) 
1365 (7, 6) 
1366 (8, 7) 
1367 (5, 4) 
1368 
1369 
1370 (6, 5) 
1371 (5, 5) 
1372 
1373 (6, 5) 
1374 (1, 1) 
1375 
1376 
1377 (7, 6) 
1378 (4, 4) 
1379 
1380 (7, 6) 
1381 
1382 (3, 2) 
1383 (9, 8) 
1384 (2, 1) 
1385 
1386 (16, 15) 
1387 (16, 15) (16, 16) 
1388 (3, 2) 
1389 (11, 11) 
1390 (4, 4) 
1391 (3, 2) (3, 3) 
1392 (8, 7) 
1393 (12, 11) 
1394 
1395 (7, 7) 
1396 (6, 5) 
1397 (8, 7) 
1398 
1399 
1400 (7, 6) 
1401 (10, 9) 
1402 
1403 
1404 (8, 8) 
1405 
1406 (5, 4) 
1407 (4, 3) (4, 4) 
1408 (4, 3) 
1409 
1410 (2, 2) (10, 9) 
1411 
1412 (9, 9) 
1413 (7, 6) 
1414 (3, 3) 
1415 (7, 7) (8, 7) 
1416 (12, 12) 
1417 (6, 6) 
1418 (7, 6) 
1419 (8, 7) 
1420 (6, 5) 
1421 (11, 10) 
1422 (3, 3) 
1423 (9, 8) 
1424 (7, 6) 
1425 (14, 14) 
1426 
1427 (2, 1) 
1428 (3, 2) 
1429 (7, 7) 
1430 
1431 (11, 10) 
1432 (7, 7) 
1433 (9, 8) 
1434 (6, 5) 
1435 
1436 (4, 3) 
1437 (4, 3) 
1438 (8, 7) 
1439 (2, 3) 
1440 
1441 (2, 2) 
1442 (12, 11) 
1443 (7, 6) 
1444 
1445 
1446 (18, 17) 
1447 (11, 10) 
1448 (10, 9) 
1449 (8, 8) 
1450 (7, 6) 
1451 (11, 10) 
1452 (5, 4) 
1453 
1454 (7, 6) 
1455 (8, 7) 
1456 (10, 9) 
1457 
1458 
1459 (7, 6) 
1460 (10, 9) 
1461 (5, 5) 
1462 (6, 6) 
1463 (5, 3) 
1464 (10, 9) 
1465 (9, 8) 
1466 (5, 4) 
1467 (9, 8) 
1468 (7, 7) 
1469 (17, 16) 
1470 
1471 
1472 (12, 12) (13, 12) 
1473 
1474 (6, 5) 
1475 (12, 11) 
1476 (2, 2) 
1477 (3, 3) 
1478 (5, 4) 
1479 (9, 8) 
1480 (12, 13) 
1481 (7, 7) 
1482 
1483 
1484 (2, 1) 
1485 (5, 4) 
1486 (5, 5) 
1487 
1488 
1489 (11, 12) 
1490 (9, 8) 
1491 
1492 (2, 2) 
1493 (9, 9) 
1494 (1, 1) 
1495 (12, 11) 
1496 (9, 8) 
1497 (2, 1) 
1498 (5, 3) 
1499 (2, 1) 
1500 (11, 10) 
1501 (4, 3) 
1502 (10, 10) 
1503 
1504 (9, 8) 
1505 (8, 7) (8, 8) 
1506 (8, 7) 
1507 (12, 11) 
1508 (2, 1) 
1509 
1510 (9, 8) 
1511 (10, 9) 
1512 (4, 3) 
1513 
1514 (2, 1) 
1515 (2, 2) 
1516 (6, 5) 
1517 (9, 9) 
1518 (4, 3) 
1519 
1520 (5, 5) 
1521 (8, 7) 
1522 (4, 3) 
1523 (14, 13) 
1524 (11, 9) 
1525 (11, 10) 
1526 (1, 2) 
1527 (8, 7) 
1528 
1529 (3, 3) 
1530 (10, 9) 
1531 (6, 6) 
1532 (10, 9) 
1533 (7, 6) 
1534 (8, 7) (8, 8) 
1535 (4, 3) 
1536 (4, 4) 
1537 (6, 5) 
1538 (3, 2) 
1539 (2, 1) 
1540 (13, 13) 
1541 (4, 3) 
1542 (3, 3) 
1543 (3, 3) 
1544 (4, 4) 
1545 
1546 (18, 17) 
1547 (7, 6) 
1548 (18, 15) 
1549 (4, 4) 
1550 (5, 5) 
1551 (9, 9) 
1552 (21, 20) 
1553 (10, 9) 
1554 (4, 4) 
1555 (32, 31) 
1556 
1557 (4, 3) 
1558 (7, 6) (7, 7) 
1559 (25, 24) 
1560 (11, 10) (11, 11) 
1561 
1562 (3, 2) 
1563 
1564 (5, 4) 
1565 (4, 4) (6, 4) (6, 5) 
1566 
1567 (9, 8) 
1568 (23, 23) 
1569 (13, 12) 
1570 
1571 (12, 12) 
1572 (13, 13) 
1573 (18, 19) 
1574 (13, 12) 
1575 (3, 3) (5, 3) (5, 4) 
1576 
1577 (69, 68) 
1578 
1579 (23, 24) (25, 24) 
1580 (14, 12) 
1581 
1582 (9, 8) (9, 10) 
1583 (12, 11) 
1584 (23, 22) 
1585 (19, 18) 
1586 (12, 12) 
1587 (8, 7) 
1588 (4, 3) 
1589 
1590 
1591 (21, 20) 
1592 (9, 9) 
1593 (10, 10) 
1594 (7, 6) 
1595 (3, 3) 
1596 (6, 5) (6, 6) 
1597 (7, 7) 
1598 (8, 8) 
1599 (15, 16) 
1600 (2, 2) 
1601 (6, 7) (7, 7) 
1602 
1603 (8, 6) 
1604 (25, 24) 
1605 
1606 (13, 12) 
1607 (1, 1) 
1608 (11, 10) 
1609 (3, 2) 
1610 (16, 15) 
1611 (23, 22) 
1612 (3, 3) 
1613 (4, 3) 
1614 (14, 14) 
1615 
1616 (46, 45) 
1617 (4, 3) 
1618 (3, 11) 
1619 (44, 43) 
1620 
1621 (13, 12) 
1622 (26, 26) 
1623 (12, 12) 
1624 (21, 20) 
1625 
1626 (12, 11) 
1627 (7, 7) 
1628 (3, 2) 
1629 (19, 18) 
1630 
1631 
1632 
1633 (16, 15) 
1634 (16, 14) (16, 15) 
1635 (11, 10) 
1636 (5, 4) 
1637 (5, 5) 
1638 (23, 22) 
1639 (5, 4) 
1640 
1641 (24, 24) 
1642 (18, 17) 
1643 (8, 9) 
1644 (2, 1) 
1645 
1646 (12, 11) 
1647 (7, 7) 
1648 (12, 12) 
1649 (13, 12) 
1650 (17, 16) 
1651 
1652 
1653 (12, 11) 
1654 
1655 (17, 15) 
1656 
1657 (20, 18) 
1658 (29, 28) 
1659 (1, 1) 
1660 (20, 19) 
1661 (7, 5) (13, 11) 
1662 
1663 (2, 1) 
1664 
1665 (17, 16) 
1666 
1667 (21, 21) 
1668 (21, 22) 
1669 (10, 9) 
1670 
1671 (13, 13) 
1672 
1673 (27, 26) (27, 27) 
1674 (10, 9) 
1675 (8, 6) 
1676 (16, 16) 
1677 
1678 (19, 18) 
1679 (18, 16) 
1680 (10, 10) 
1681 (7, 6) 
1682 (3, 2) (14, 13) 
1683 (26, 26) 
1684 (4, 3) 
1685 
1686 (2, 1) 
1687 (25, 25) (26, 25) 
1688 (14, 14) 
1689 (10, 9) 
1690 (4, 3) 
1691 (13, 12) 
1692 (14, 12) 
1693 (7, 6) 
1694 (5, 4) (8, 7) 
1695 (24, 23) 
1696 (10, 10) 
1697 (16, 15) 
1698 
1699 (10, 11) 
1700 
1701 (6, 4) 
1702 (16, 16) 
1703 
1704 (5, 5) 
1705 (7, 6) 
1706 (5, 5) 
1707 (2, 1) 
1708 (3, 2) 
1709 (9, 9) 
1710 
1711 (11, 10) 
1712 (13, 12) 
1713 (7, 6) 
1714 (12, 10) (12, 11) 
1715 
1716 (3, 3) 
1717 
1718 (7, 6) 
1719 (5, 4) 
1720 (27, 26) 
1721 
1722 
1723 (8, 6) 
1724 (14, 13) 
1725 (9, 8) 
1726 (7, 6) 
1727 (19, 18) 
1728 (6, 5) 
1729 (4, 3) 
1730 
1731 (9, 8) 
1732 (15, 14) 
1733 (21, 20) 
1734 (7, 6) 
1735 (16, 15) 
1736 (14, 13) 
1737 (5, 5) 
1738 
1739 
1740 (5, 4) 
1741 (27, 26) (29, 29) 
1742 
1743 
1744 
1745 
1746 
1747 
1748 
1749 
1750 
1751 
1752 
1753 
1754 (5, 4) (10, 10) 
1755 
1756 (18, 17) 
1757 (14, 13) 
1758 
1759 
1760 
1761 (24, 22) 
1762 
1763 (4, 4) 
1764 (10, 8) 
1765 (7, 6) 
1766 (12, 11) 
1767 (8, 7) 
1768 
1769 (15, 14) 
1770 (4, 5) 
1771 (5, 4) 
1772 (9, 9) 
1773 (4, 3) 
1774 (14, 12) 
1775 
1776 (5, 5) 
1777 (16, 15) 
1778 (22, 21) 
1779 (13, 12) 
1780 (12, 11) 
1781 
1782 (6, 6) 
1783 (13, 12) 
1784 (7, 8) 
1785 (10, 9) 
1786 
1787 (3, 3) 
1788 (7, 3) 
1789 (14, 13) 
1790 (6, 5) 
1791 (12, 12) 
1792 (16, 15) 
1793 (7, 7) 
1794 (17, 16) 
1795 (8, 7) 
1796 (10, 9) 
1797 
1798 (13, 11) 
1799 
1800 (9, 8) 
1801 (7, 6) 
1802 (7, 6) 
1803 (7, 7) 
1804 (5, 5) 
1805 (5, 4) 
1806 (8, 8) 
1807 (10, 9) 
1808 (2, 2) 
1809 
1810 (11, 10) 
1811 (10, 8) 
1812 (15, 13) (15, 14) 
1813 (16, 14) 
1814 
1815 
1816 (15, 14) 
1817 
1818 
1819 (8, 7) 
1820 (8, 7) 
1821 (1, 1) 
1822 (12, 11) 
1823 (7, 6) 
1824 (10, 9) 
1825 (12, 11) 
1826 (9, 8) 
1827 (2, 2) 
1828 (10, 10) 
1829 (9, 8) 
1830 (7, 6) 
1831 (2, 2) 
1832 (10, 9) 
1833 (6, 6) 
1834 (11, 10) 
1835 (12, 10) 
1836 (4, 3) (8, 7) 
1837 
1838 (6, 6) 
1839 (10, 9) 
1840 
1841 (12, 12) 
1842 
1843 
1844 (17, 16) 
1845 (4, 3) 
1846 (6, 5) 
1847 (8, 7) 
1848 
1849 (9, 8) 
1850 
1851 (7, 6) 
1852 (4, 3) 
1853 (16, 14) 
1854 (14, 14) 
1855 
1856 (16, 15) 
1857 (7, 7) 
1858 (7, 6) 
1859 
1860 
1861 (8, 7) 
1862 (12, 11) 
1863 (10, 9) 
1864 (10, 9) 
1865 
1866 (11, 10) 
1867 (19, 18) 
1868 
1869 (2, 1) 
1870 (6, 5) 
1871 (7, 7) 
1872 (9, 8) 
1873 (13, 12) 
1874 (4, 5) 
1875 (10, 9) 
1876 (10, 9) 
1877 (10, 10) 
1878 (2, 1) 
1879 
1880 (13, 12) 
1881 (3, 2) 
1882 
1883 (9, 8) 
1884 (6, 5) 
1885 
1886 (5, 4) 
1887 (4, 3) (4, 4) 
1888 (2, 1) 
1889 (8, 7) 
1890 (12, 11) 
1891 
1892 (11, 12) 
1893 (12, 11) 
1894 (5, 4) 
1895 
1896 (7, 6) 
1897 (11, 11) 
1898 (9, 8) (9, 9) 
1899 (4, 3) 
1900 (5, 5) 
1901 (8, 8) 
1902 
1903 
1904 (14, 13) 
1905 (7, 7) 
1906 (10, 9) 
1907 (8, 7) 
1908 (11, 10) 
1909 
1910 (6, 6) 
1911 
1912 
1913 (7, 6) 
1914 (7, 6) 
1915 
1916 (10, 9) 
1917 (9, 8) 
1918 
1919 (3, 2) 
1920 (10, 11) 
1921 (5, 4) 
1922 (8, 7) 
1923 (9, 8) 
1924 (5, 4) 
1925 (12, 10) 
1926 
1927 (7, 7) 
1928 (7, 6) 
1929 (3, 2) 
1930 (5, 4) 
1931 
1932 (7, 7) 
1933 
1934 (11, 11) 
1935 (11, 10) 
1936 
1937 (9, 8) 
1938 
1939 (11, 10) 
1940 
1941 (4, 5) (7, 5) 
1942 (13, 12) 
1943 (6, 5) 
1944 (10, 9) 
1945 (5, 5) 
1946 (10, 10) 
1947 (5, 4) 
1948 
1949 (10, 9) 
1950 (8, 7) 
1951 
1952 
1953 (11, 10) 
1954 (3, 2) 
1955 (6, 4) (6, 5) 
1956 (13, 12) 
1957 (6, 5) 
1958 
1959 (10, 9) 
1960 (9, 8) 
1961 (7, 5) 
1962 
1963 (6, 6) 
1964 (7, 6) 
1965 
1966 (6, 7) 
1967 (6, 5) 
1968 
1969 (7, 6) 
1970 (4, 5) 
1971 (6, 6) 
1972 (8, 7) 
1973 (4, 5) 
1974 (8, 7) 
1975 (5, 4) 
1976 (5, 5) 
1977 (9, 8) 
1978 
1979 (6, 5) 
1980 (2, 1) 
1981 
1982 (15, 15) 
1983 
1984 
1985 (8, 7) 
1986 (7, 5) 
1987 (7, 6) 
1988 (11, 9) 
1989 (9, 8) 
1990 (5, 4) 
1991 (11, 10) 
1992 
1993 (10, 9) 
1994 (9, 8) 
1995 (3, 2) 
1996 (9, 9) 
1997 (11, 11) 
1998 (14, 13) (17, 16) 
1999 (7, 7) 
2000 
2001 
2002 (6, 7) 
2003 
2004 (8, 7) 
2005 (5, 4) 
2006 (6, 6) 
2007 
2008 (9, 7) 
2009 (3, 2) 
2010 
2011 (3, 3) 
2012 
2013 (14, 12) 
2014 (10, 9) 
2015 (8, 7) 
2016 
2017 (7, 7) 
2018 (3, 2) (3, 3) 
2019 (9, 8) 
2020 (10, 9) 
2021 (6, 5) 
2022 (5, 5) 
2023 (4, 3) 
2024 (4, 3) 
2025 
2026 
2027 (10, 9) 
2028 (8, 7) 
2029 (12, 11) 
2030 (2, 1) 
2031 (10, 9) 
2032 (6, 5) (6, 7) 
2033 (5, 4) 
2034 (8, 6) 
2035 (6, 6) 
2036 (10, 9) (10, 10) 
2037 (4, 4) (5, 4) 
2038 
2039 (4, 4) 
2040 
2041 (12, 11) 
2042 
2043 
2044 (3, 3) 
2045 (10, 9) (10, 10) 
2046 (8, 9) 
2047 
2048 
2049 (9, 9) 
2050 
2051 
2052 (6, 6) 
2053 (10, 9) 
2054 (4, 2) 
2055 (5, 4) (5, 5) 
2056 (7, 7) 
2057 (10, 9) 
2058 (6, 6) 
2059 
2060 (4, 3) 
2061 (10, 9) 
2062 (3, 3) (8, 7) 
2063 (7, 7) 
2064 (4, 5) 
2065 
2066 (5, 4) 
2067 (9, 8) 
2068 (9, 8) 
2069 (4, 4) 
2070 (4, 3) 
2071 (3, 2) 
2072 (4, 3) 
2073 
2074 
2075 (6, 5) 
2076 
2077 (11, 11) 
2078 (4, 3) 
2079 (5, 5) 
2080 
2081 (9, 8) 
2082 (5, 4) 
2083 (9, 8) 
2084 (8, 7) 
2085 (11, 10) 
2086 (11, 10) 
2087 
2088 
2089 (6, 4) 
2090 (7, 6) 
2091 (4, 3) 
2092 (7, 6) (7, 7) 
2093 (13, 12) 
2094 (10, 9) (13, 12) 
2095 (12, 10) 
2096 (4, 3) 
2097 (9, 8) 
2098 (7, 7) 
2099 (11, 10) 
2100 (14, 13) 
2101 (6, 6) 
2102 
2103 (11, 9) 
2104 (8, 6) (8, 7) 
2105 (4, 3) (6, 5) 